10
0
0.500000
0.000000
0.000000
0.500000
0.000000
10
0.000000
0.000000
0.000000
0.000000
0.000000
0.055556
0.000000
0.000000
0.055556
0.000000
0.111111
0.000000
0.000000
0.111111
0.000000
0.166667
0.000000
0.000000
0.166667
0.000000
0.222222
0.000000
0.000000
0.222222
0.000000
0.277778
0.000000
0.000000
0.277778
0.000000
0.333333
0.000000
0.000000
0.333333
0.000000
0.388889
0.000000
0.000000
0.388889
0.000000
0.444444
0.000000
0.000000
0.444444
0.000000
0.500000
0.000000
0.000000
0.500000
0.000000
1
0.500000
0.300000
1.570796
0.688720
4.505399
10
0.000000
0.000000
0.000000
0.000000
0.000000
0.076523
-0.000401
-0.012539
0.076524
-0.167086
0.153041
-0.001389
-0.005138
0.153049
0.466920
0.229521
0.000588
0.071056
0.229573
1.576594
0.305124
0.011817
0.239991
0.306098
2.836514
0.376448
0.038940
0.500713
0.382622
3.921256
0.436619
0.085666
0.827365
0.459147
4.505399
0.477777
0.149735
1.169189
0.535671
4.263519
0.496799
0.223593
1.450521
0.612196
2.870194
0.500000
0.300000
1.570796
0.688720
0.000000
2
0.500000
0.200000
0.392699
0.547525
2.672515
10
0.000000
0.000000
0.000000
0.000000
0.000000
0.060807
0.001436
0.067106
0.060836
1.968003
0.121019
0.009732
0.213830
0.121672
2.672515
0.179168
0.027388
0.373361
0.182508
2.444174
0.234162
0.053306
0.499006
0.243345
1.613620
0.286420
0.084433
0.564186
0.304181
0.511491
0.337683
0.117192
0.562438
0.365017
-0.531574
0.389910
0.148375
0.507411
0.425853
-1.184937
0.444141
0.175911
0.432871
0.486689
-1.117958
0.500000
0.200000
0.392699
0.547525
0.000000
3
0.500000
0.100000
0.196350
0.512175
1.512361
10
0.000000
0.000000
0.000000
0.000000
0.000000
0.056900
0.000716
0.035735
0.056908
1.119018
0.113643
0.004855
0.113597
0.113817
1.512361
0.169841
0.013713
0.197727
0.170725
1.371140
0.225205
0.026837
0.263140
0.227633
0.886461
0.279855
0.042698
0.295731
0.284542
0.249433
0.334274
0.059344
0.292265
0.341450
-0.348835
0.388994
0.074966
0.260388
0.398358
-0.717235
0.444277
0.088452
0.218618
0.455266
-0.664660
0.500000
0.100000
0.196350
0.512175
-0.000000
4
0.500000
-0.300000
-1.570796
0.688720
4.505399
10
0.000000
0.000000
0.000000
0.000000
0.000000
0.076523
0.000401
0.012539
0.076524
0.167086
0.153041
0.001389
0.005138
0.153049
-0.466920
0.229521
-0.000588
-0.071056
0.229573
-1.576594
0.305124
-0.011817
-0.239991
0.306098
-2.836514
0.376448
-0.038940
-0.500713
0.382622
-3.921256
0.436619
-0.085666
-0.827365
0.459147
-4.505399
0.477777
-0.149735
-1.169189
0.535671
-4.263519
0.496799
-0.223593
-1.450521
0.612196
-2.870194
0.500000
-0.300000
-1.570796
0.688720
-0.000000
5
0.500000
-0.200000
-0.392699
0.547525
2.672515
10
0.000000
0.000000
0.000000
0.000000
0.000000
0.060807
-0.001436
-0.067106
0.060836
-1.968003
0.121019
-0.009732
-0.213830
0.121672
-2.672515
0.179168
-0.027388
-0.373361
0.182508
-2.444174
0.234162
-0.053306
-0.499006
0.243345
-1.613620
0.286420
-0.084433
-0.564186
0.304181
-0.511491
0.337683
-0.117192
-0.562438
0.365017
0.531574
0.389910
-0.148375
-0.507411
0.425853
1.184937
0.444141
-0.175911
-0.432871
0.486689
1.117958
0.500000
-0.200000
-0.392699
0.547525
0.000000
6
0.500000
-0.100000
-0.196350
0.512175
1.512361
10
0.000000
0.000000
0.000000
0.000000
0.000000
0.056900
-0.000716
-0.035735
0.056908
-1.119018
0.113643
-0.004855
-0.113597
0.113817
-1.512361
0.169841
-0.013713
-0.197727
0.170725
-1.371140
0.225205
-0.026837
-0.263140
0.227633
-0.886461
0.279855
-0.042698
-0.295731
0.284542
-0.249433
0.334274
-0.059344
-0.292265
0.341450
0.348835
0.388994
-0.074966
-0.260388
0.398358
0.717235
0.444277
-0.088452
-0.218618
0.455266
0.664660
0.500000
-0.100000
-0.196350
0.512175
0.000000
7
1.000000
0.300000
0.196350
1.054882
1.247226
10
0.000000
0.000000
0.000000
0.000000
0.000000
0.117158
0.002616
0.063219
0.117209
0.953660
0.233325
0.017526
0.197766
0.234418
1.247226
0.346221
0.048669
0.336862
0.351627
1.061418
0.454556
0.093283
0.434913
0.468836
0.576954
0.559726
0.145012
0.467503
0.586045
-0.025445
0.665017
0.196492
0.431401
0.703254
-0.565060
0.773350
0.241137
0.344556
0.820464
-0.861170
0.885480
0.275100
0.246101
0.937673
-0.733057
1.000000
0.300000
0.196350
1.054882
0.000000
8
1.000000
-0.300000
-0.196350
1.054882
1.247226
10
0.000000
0.000000
0.000000
0.000000
0.000000
0.117158
-0.002616
-0.063219
0.117209
-0.953660
0.233325
-0.017526
-0.197766
0.234418
-1.247226
0.346221
-0.048669
-0.336862
0.351627
-1.061418
0.454556
-0.093283
-0.434913
0.468836
-0.576954
0.559726
-0.145012
-0.467503
0.586045
0.025445
0.665017
-0.196492
-0.431401
0.703254
0.565060
0.773350
-0.241137
-0.344556
0.820464
0.861170
0.885480
-0.275100
-0.246101
0.937673
0.733057
1.000000
-0.300000
-0.196350
1.054882
-0.000000
9
1.000000
0.000000
0.000000
1.000000
0.000000
10
0.000000
0.000000
0.000000
0.000000
0.000000
0.111111
0.000000
0.000000
0.111111
0.000000
0.222222
0.000000
0.000000
0.222222
0.000000
0.333333
0.000000
0.000000
0.333333
0.000000
0.444444
0.000000
0.000000
0.444444
0.000000
0.555556
0.000000
0.000000
0.555556
0.000000
0.666667
0.000000
0.000000
0.666667
0.000000
0.777778
0.000000
0.000000
0.777778
0.000000
0.888889
0.000000
0.000000
0.888889
0.000000
1.000000
0.000000
0.000000
1.000000
0.000000
