11
0
0.500000
0.000000
0.000000
0.500000
0.000000
10
0.000000
0.000000
0.000000
0.000000
0.000000
0.055556
0.000000
0.000000
0.055556
0.000000
0.111111
0.000000
0.000000
0.111111
0.000000
0.166667
0.000000
0.000000
0.166667
0.000000
0.222222
0.000000
0.000000
0.222222
0.000000
0.277778
0.000000
0.000000
0.277778
0.000000
0.333333
0.000000
0.000000
0.333333
0.000000
0.388889
0.000000
0.000000
0.388889
0.000000
0.444444
0.000000
0.000000
0.444444
0.000000
0.500000
0.000000
0.000000
0.500000
0.000000
1
0.500000
0.500000
1.570796
0.826250
2.816467
10
0.000000
0.000000
0.000000
0.000000
0.000000
0.091778
0.001681
0.053868
0.091806
1.126587
0.182848
0.012624
0.198235
0.183611
1.971527
0.270435
0.039567
0.407243
0.275417
2.534820
0.349490
0.085778
0.655037
0.367222
2.816467
0.414222
0.150510
0.915759
0.459028
2.816467
0.460433
0.229565
1.163553
0.550833
2.534820
0.487376
0.317152
1.372561
0.642639
1.971527
0.498319
0.408222
1.516928
0.734444
1.126587
0.500000
0.500000
1.570796
0.826250
0.000000
2
0.500000
0.200000
0.392699
0.547525
2.672515
10
0.000000
0.000000
0.000000
0.000000
0.000000
0.060807
0.001436
0.067106
0.060836
1.968003
0.121019
0.009732
0.213830
0.121672
2.672515
0.179168
0.027388
0.373361
0.182508
2.444174
0.234162
0.053306
0.499006
0.243345
1.613620
0.286420
0.084433
0.564186
0.304181
0.511491
0.337683
0.117192
0.562438
0.365017
-0.531574
0.389910
0.148375
0.507411
0.425853
-1.184937
0.444141
0.175911
0.432871
0.486689
-1.117958
0.500000
0.200000
0.392699
0.547525
0.000000
3
0.500000
0.100000
0.196350
0.512175
1.512361
10
0.000000
0.000000
0.000000
0.000000
0.000000
0.056900
0.000716
0.035735
0.056908
1.119018
0.113643
0.004855
0.113597
0.113817
1.512361
0.169841
0.013713
0.197727
0.170725
1.371140
0.225205
0.026837
0.263140
0.227633
0.886461
0.279855
0.042698
0.295731
0.284542
0.249433
0.334274
0.059344
0.292265
0.341450
-0.348835
0.388994
0.074966
0.260388
0.398358
-0.717235
0.444277
0.088452
0.218618
0.455266
-0.664660
0.500000
0.100000
0.196350
0.512175
-0.000000
4
0.500000
-0.500000
-1.570796
0.826250
2.816467
10
0.000000
0.000000
0.000000
0.000000
0.000000
0.091778
-0.001681
-0.053868
0.091806
-1.126587
0.182848
-0.012624
-0.198235
0.183611
-1.971527
0.270435
-0.039567
-0.407243
0.275417
-2.534820
0.349490
-0.085778
-0.655037
0.367222
-2.816467
0.414222
-0.150510
-0.915759
0.459028
-2.816467
0.460433
-0.229565
-1.163553
0.550833
-2.534820
0.487376
-0.317152
-1.372561
0.642639
-1.971527
0.498319
-0.408222
-1.516928
0.734444
-1.126587
0.500000
-0.500000
-1.570796
0.826250
-0.000000
5
0.500000
-0.200000
-0.392699
0.547525
2.672515
10
0.000000
0.000000
0.000000
0.000000
0.000000
0.060807
-0.001436
-0.067106
0.060836
-1.968003
0.121019
-0.009732
-0.213830
0.121672
-2.672515
0.179168
-0.027388
-0.373361
0.182508
-2.444174
0.234162
-0.053306
-0.499006
0.243345
-1.613620
0.286420
-0.084433
-0.564186
0.304181
-0.511491
0.337683
-0.117192
-0.562438
0.365017
0.531574
0.389910
-0.148375
-0.507411
0.425853
1.184937
0.444141
-0.175911
-0.432871
0.486689
1.117958
0.500000
-0.200000
-0.392699
0.547525
0.000000
6
0.500000
-0.100000
-0.196350
0.512175
1.512361
10
0.000000
0.000000
0.000000
0.000000
0.000000
0.056900
-0.000716
-0.035735
0.056908
-1.119018
0.113643
-0.004855
-0.113597
0.113817
-1.512361
0.169841
-0.013713
-0.197727
0.170725
-1.371140
0.225205
-0.026837
-0.263140
0.227633
-0.886461
0.279855
-0.042698
-0.295731
0.284542
-0.249433
0.334274
-0.059344
-0.292265
0.341450
0.348835
0.388994
-0.074966
-0.260388
0.398358
0.717235
0.444277
-0.088452
-0.218618
0.455266
0.664660
0.500000
-0.100000
-0.196350
0.512175
0.000000
7
1.000000
0.300000
0.196350
1.054882
1.247226
10
0.000000
0.000000
0.000000
0.000000
0.000000
0.117158
0.002616
0.063219
0.117209
0.953660
0.233325
0.017526
0.197766
0.234418
1.247226
0.346221
0.048669
0.336862
0.351627
1.061418
0.454556
0.093283
0.434913
0.468836
0.576954
0.559726
0.145012
0.467503
0.586045
-0.025445
0.665017
0.196492
0.431401
0.703254
-0.565060
0.773350
0.241137
0.344556
0.820464
-0.861170
0.885480
0.275100
0.246101
0.937673
-0.733057
1.000000
0.300000
0.196350
1.054882
0.000000
8
1.000000
-0.300000
-0.196350
1.054882
1.247226
10
0.000000
0.000000
0.000000
0.000000
0.000000
0.117158
-0.002616
-0.063219
0.117209
-0.953660
0.233325
-0.017526
-0.197766
0.234418
-1.247226
0.346221
-0.048669
-0.336862
0.351627
-1.061418
0.454556
-0.093283
-0.434913
0.468836
-0.576954
0.559726
-0.145012
-0.467503
0.586045
0.025445
0.665017
-0.196492
-0.431401
0.703254
0.565060
0.773350
-0.241137
-0.344556
0.820464
0.861170
0.885480
-0.275100
-0.246101
0.937673
0.733057
1.000000
-0.300000
-0.196350
1.054882
-0.000000
9
1.000000
0.000000
0.000000
1.000000
0.000000
10
0.000000
0.000000
0.000000
0.000000
0.000000
0.111111
0.000000
0.000000
0.111111
0.000000
0.222222
0.000000
0.000000
0.222222
0.000000
0.333333
0.000000
0.000000
0.333333
0.000000
0.444444
0.000000
0.000000
0.444444
0.000000
0.555556
0.000000
0.000000
0.555556
0.000000
0.666667
0.000000
0.000000
0.666667
0.000000
0.777778
0.000000
0.000000
0.777778
0.000000
0.888889
0.000000
0.000000
0.888889
0.000000
1.000000
0.000000
0.000000
1.000000
0.000000
10
2.000000
0.000000
0.000000
2.000000
0.000000
10
0.000000
0.000000
0.000000
0.000000
0.000000
0.222222
0.000000
0.000000
0.222222
0.000000
0.444444
0.000000
0.000000
0.444444
0.000000
0.666667
0.000000
0.000000
0.666667
0.000000
0.888889
0.000000
0.000000
0.888889
-0.000000
1.111111
0.000000
0.000000
1.111111
-0.000000
1.333333
0.000000
-0.000000
1.333333
-0.000000
1.555556
0.000000
-0.000000
1.555556
-0.000000
1.777778
-0.000000
-0.000000
1.777778
-0.000000
2.000000
-0.000000
-0.000000
2.000000
0.000000
