7
0
0.500000
0.000000
0.000000
0.500000
0.000000
10
0.000000
0.000000
0.000000
0.000000
0.000000
0.055556
0.000000
0.000000
0.055556
0.000000
0.111111
0.000000
0.000000
0.111111
0.000000
0.166667
0.000000
0.000000
0.166667
0.000000
0.222222
0.000000
0.000000
0.222222
0.000000
0.277778
0.000000
0.000000
0.277778
0.000000
0.333333
0.000000
0.000000
0.333333
0.000000
0.388889
0.000000
0.000000
0.388889
0.000000
0.444444
0.000000
0.000000
0.444444
0.000000
0.500000
0.000000
0.000000
0.500000
0.000000
1
0.500000
0.300000
0.785398
0.608289
2.781384
10
0.000000
0.000000
0.000000
0.000000
0.000000
0.067553
0.001636
0.069383
0.067588
1.864222
0.134364
0.011357
0.229116
0.135175
2.712843
0.198350
0.032807
0.418517
0.202763
2.781384
0.257316
0.065664
0.592822
0.270350
2.305362
0.310570
0.107204
0.723183
0.337938
1.520299
0.359325
0.153990
0.796672
0.405526
0.661711
0.405905
0.202961
0.816279
0.473113
-0.034880
0.452492
0.251928
0.800913
0.540701
-0.333957
0.500000
0.300000
0.785398
0.608289
-0.000000
2
0.500000
0.200000
0.392699
0.547525
2.672515
10
0.000000
0.000000
0.000000
0.000000
0.000000
0.060807
0.001436
0.067106
0.060836
1.968003
0.121019
0.009732
0.213830
0.121672
2.672515
0.179168
0.027388
0.373361
0.182508
2.444174
0.234162
0.053306
0.499006
0.243345
1.613620
0.286420
0.084433
0.564186
0.304181
0.511491
0.337683
0.117192
0.562438
0.365017
-0.531574
0.389910
0.148375
0.507411
0.425853
-1.184937
0.444141
0.175911
0.432871
0.486689
-1.117958
0.500000
0.200000
0.392699
0.547525
0.000000
3
0.500000
0.100000
0.196350
0.512175
1.512361
10
0.000000
0.000000
0.000000
0.000000
0.000000
0.056900
0.000716
0.035735
0.056908
1.119018
0.113643
0.004855
0.113597
0.113817
1.512361
0.169841
0.013713
0.197727
0.170725
1.371140
0.225205
0.026837
0.263140
0.227633
0.886461
0.279855
0.042698
0.295731
0.284542
0.249433
0.334274
0.059344
0.292265
0.341450
-0.348835
0.388994
0.074966
0.260388
0.398358
-0.717235
0.444277
0.088452
0.218618
0.455266
-0.664660
0.500000
0.100000
0.196350
0.512175
-0.000000
4
0.500000
-0.300000
-0.785398
0.608289
2.781384
10
0.000000
0.000000
0.000000
0.000000
0.000000
0.067553
-0.001636
-0.069383
0.067588
-1.864222
0.134364
-0.011357
-0.229116
0.135175
-2.712843
0.198350
-0.032807
-0.418517
0.202763
-2.781384
0.257316
-0.065664
-0.592822
0.270350
-2.305362
0.310570
-0.107204
-0.723183
0.337938
-1.520299
0.359325
-0.153990
-0.796672
0.405526
-0.661711
0.405905
-0.202961
-0.816279
0.473113
0.034880
0.452492
-0.251928
-0.800913
0.540701
0.333957
0.500000
-0.300000
-0.785398
0.608289
0.000000
5
0.500000
-0.200000
-0.392699
0.547525
2.672515
10
0.000000
0.000000
0.000000
0.000000
0.000000
0.060807
-0.001436
-0.067106
0.060836
-1.968003
0.121019
-0.009732
-0.213830
0.121672
-2.672515
0.179168
-0.027388
-0.373361
0.182508
-2.444174
0.234162
-0.053306
-0.499006
0.243345
-1.613620
0.286420
-0.084433
-0.564186
0.304181
-0.511491
0.337683
-0.117192
-0.562438
0.365017
0.531574
0.389910
-0.148375
-0.507411
0.425853
1.184937
0.444141
-0.175911
-0.432871
0.486689
1.117958
0.500000
-0.200000
-0.392699
0.547525
0.000000
6
0.500000
-0.100000
-0.196350
0.512175
1.512361
10
0.000000
0.000000
0.000000
0.000000
0.000000
0.056900
-0.000716
-0.035735
0.056908
-1.119018
0.113643
-0.004855
-0.113597
0.113817
-1.512361
0.169841
-0.013713
-0.197727
0.170725
-1.371140
0.225205
-0.026837
-0.263140
0.227633
-0.886461
0.279855
-0.042698
-0.295731
0.284542
-0.249433
0.334274
-0.059344
-0.292265
0.341450
0.348835
0.388994
-0.074966
-0.260388
0.398358
0.717235
0.444277
-0.088452
-0.218618
0.455266
0.664660
0.500000
-0.100000
-0.196350
0.512175
0.000000
