14
0
0.500000
0.000000
0.000000
0.500000
0.000000
10
0.000000
0.000000
0.000000
0.000000
0.000000
0.055556
0.000000
0.000000
0.055556
0.000000
0.111111
0.000000
0.000000
0.111111
0.000000
0.166667
0.000000
0.000000
0.166667
0.000000
0.222222
0.000000
0.000000
0.222222
0.000000
0.277778
0.000000
0.000000
0.277778
0.000000
0.333333
0.000000
0.000000
0.333333
0.000000
0.388889
0.000000
0.000000
0.388889
0.000000
0.444444
0.000000
0.000000
0.444444
0.000000
0.500000
0.000000
0.000000
0.500000
0.000000
1
0.500000
0.500000
1.570796
0.826250
2.816467
10
0.000000
0.000000
0.000000
0.000000
0.000000
0.091778
0.001681
0.053868
0.091806
1.126587
0.182848
0.012624
0.198235
0.183611
1.971527
0.270435
0.039567
0.407243
0.275417
2.534820
0.349490
0.085778
0.655037
0.367222
2.816467
0.414222
0.150510
0.915759
0.459028
2.816467
0.460433
0.229565
1.163553
0.550833
2.534820
0.487376
0.317152
1.372561
0.642639
1.971527
0.498319
0.408222
1.516928
0.734444
1.126587
0.500000
0.500000
1.570796
0.826250
0.000000
2
0.500000
0.100000
0.196350
0.512175
1.512361
10
0.000000
0.000000
0.000000
0.000000
0.000000
0.056900
0.000716
0.035735
0.056908
1.119018
0.113643
0.004855
0.113597
0.113817
1.512361
0.169841
0.013713
0.197727
0.170725
1.371140
0.225205
0.026837
0.263140
0.227633
0.886461
0.279855
0.042698
0.295731
0.284542
0.249433
0.334274
0.059344
0.292265
0.341450
-0.348835
0.388994
0.074966
0.260388
0.398358
-0.717235
0.444277
0.088452
0.218618
0.455266
-0.664660
0.500000
0.100000
0.196350
0.512175
-0.000000
3
0.500000
-0.500000
-1.570796
0.826250
2.816467
10
0.000000
0.000000
0.000000
0.000000
0.000000
0.091778
-0.001681
-0.053868
0.091806
-1.126587
0.182848
-0.012624
-0.198235
0.183611
-1.971527
0.270435
-0.039567
-0.407243
0.275417
-2.534820
0.349490
-0.085778
-0.655037
0.367222
-2.816467
0.414222
-0.150510
-0.915759
0.459028
-2.816467
0.460433
-0.229565
-1.163553
0.550833
-2.534820
0.487376
-0.317152
-1.372561
0.642639
-1.971527
0.498319
-0.408222
-1.516928
0.734444
-1.126587
0.500000
-0.500000
-1.570796
0.826250
-0.000000
4
0.500000
-0.100000
-0.196350
0.512175
1.512361
10
0.000000
0.000000
0.000000
0.000000
0.000000
0.056900
-0.000716
-0.035735
0.056908
-1.119018
0.113643
-0.004855
-0.113597
0.113817
-1.512361
0.169841
-0.013713
-0.197727
0.170725
-1.371140
0.225205
-0.026837
-0.263140
0.227633
-0.886461
0.279855
-0.042698
-0.295731
0.284542
-0.249433
0.334274
-0.059344
-0.292265
0.341450
0.348835
0.388994
-0.074966
-0.260388
0.398358
0.717235
0.444277
-0.088452
-0.218618
0.455266
0.664660
0.500000
-0.100000
-0.196350
0.512175
0.000000
5
1.000000
0.200000
0.392699
1.029420
0.566815
10
0.000000
0.000000
0.000000
0.000000
0.000000
0.114378
0.000536
0.013772
0.114380
0.230723
0.228698
0.004024
0.050492
0.228760
0.401433
0.342736
0.012692
0.103354
0.343140
0.513131
0.456072
0.027970
0.165664
0.457520
0.566815
0.568191
0.050498
0.230844
0.571900
0.563485
0.678644
0.080141
0.292431
0.686280
0.504139
0.787229
0.116046
0.344074
0.800660
0.389777
0.894133
0.156702
0.379537
0.915040
0.221397
1.000000
0.200000
0.392699
1.029420
-0.000000
6
1.000000
-0.200000
-0.392699
1.029420
0.566815
10
0.000000
0.000000
0.000000
0.000000
0.000000
0.114378
-0.000536
-0.013772
0.114380
-0.230723
0.228698
-0.004024
-0.050492
0.228760
-0.401433
0.342736
-0.012692
-0.103354
0.343140
-0.513131
0.456072
-0.027970
-0.165664
0.457520
-0.566815
0.568191
-0.050498
-0.230844
0.571900
-0.563485
0.678644
-0.080141
-0.292431
0.686280
-0.504139
0.787229
-0.116046
-0.344074
0.800660
-0.389777
0.894133
-0.156702
-0.379537
0.915040
-0.221397
1.000000
-0.200000
-0.392699
1.029420
0.000000
7
2.000000
0.500000
0.196350
2.075937
0.505001
10
0.000000
0.000000
0.000000
0.000000
0.000000
0.230598
0.004038
0.049640
0.230660
0.381581
0.459982
0.027183
0.156181
0.461319
0.505001
0.685290
0.076012
0.268121
0.691979
0.440016
0.904706
0.146936
0.350047
0.922639
0.256385
1.119677
0.230521
0.382637
1.153298
0.023863
1.334156
0.315377
0.362660
1.383958
-0.187794
1.551948
0.391235
0.302972
1.614617
-0.308827
1.774387
0.452082
0.232523
1.845277
-0.269482
2.000000
0.500000
0.196350
2.075937
-0.000000
8
2.000000
-0.500000
-0.196350
2.075937
0.505001
10
0.000000
0.000000
0.000000
0.000000
0.000000
0.230598
-0.004038
-0.049640
0.230660
-0.381581
0.459982
-0.027183
-0.156181
0.461319
-0.505001
0.685290
-0.076012
-0.268121
0.691979
-0.440016
0.904706
-0.146936
-0.350047
0.922639
-0.256385
1.119677
-0.230521
-0.382637
1.153298
-0.023863
1.334156
-0.315377
-0.362660
1.383958
0.187794
1.551948
-0.391235
-0.302972
1.614617
0.308827
1.774387
-0.452082
-0.232523
1.845277
0.269482
2.000000
-0.500000
-0.196350
2.075937
-0.000000
9
2.000000
0.200000
0.000000
2.014260
0.285061
10
0.000000
0.000000
0.000000
0.000000
0.000000
0.223786
0.002315
0.029165
0.223807
0.228049
0.447179
0.015330
0.089318
0.447613
0.285061
0.669352
0.042055
0.147648
0.671420
0.219904
0.890013
0.079379
0.182281
0.895227
0.081446
1.109987
0.120621
0.182281
1.119033
-0.081446
1.330648
0.157945
0.147648
1.342840
-0.219904
1.552821
0.184670
0.089318
1.566647
-0.285061
1.776214
0.197685
0.029165
1.790453
-0.228049
2.000000
0.200000
-0.000000
2.014260
0.000000
10
2.000000
-0.200000
0.000000
2.014260
0.285061
10
0.000000
0.000000
0.000000
0.000000
0.000000
0.223786
-0.002315
-0.029165
0.223807
-0.228049
0.447179
-0.015330
-0.089318
0.447613
-0.285061
0.669352
-0.042055
-0.147648
0.671420
-0.219904
0.890013
-0.079379
-0.182281
0.895227
-0.081446
1.109987
-0.120621
-0.182281
1.119033
0.081446
1.330648
-0.157945
-0.147648
1.342840
0.219904
1.552821
-0.184670
-0.089318
1.566647
0.285061
1.776214
-0.197685
-0.029165
1.790453
0.228049
2.000000
-0.200000
-0.000000
2.014260
0.000000
11
2.000000
1.000000
0.785398
2.324623
0.583696
10
0.000000
0.000000
0.000000
0.000000
0.000000
0.258231
0.004233
0.047324
0.258291
0.338363
0.515078
0.030127
0.161563
0.516583
0.523061
0.766172
0.089691
0.306847
0.774874
0.583696
1.005661
0.185801
0.454957
1.033166
0.549873
1.229360
0.314559
0.585318
1.291457
0.451195
1.436748
0.468342
0.685002
1.549749
0.317265
1.630920
0.638603
0.748726
1.808040
0.177687
1.817009
0.817713
0.778854
2.066331
0.062064
2.000000
1.000000
0.785398
2.324623
-0.000000
12
2.000000
-1.000000
-0.785398
2.324623
0.583696
10
0.000000
0.000000
0.000000
0.000000
0.000000
0.258231
-0.004233
-0.047324
0.258291
-0.338363
0.515078
-0.030127
-0.161563
0.516583
-0.523061
0.766172
-0.089691
-0.306847
0.774874
-0.583696
1.005661
-0.185801
-0.454957
1.033166
-0.549873
1.229360
-0.314559
-0.585318
1.291457
-0.451195
1.436748
-0.468342
-0.685002
1.549749
-0.317265
1.630920
-0.638603
-0.748726
1.808040
-0.177687
1.817009
-0.817713
-0.778854
2.066331
-0.062064
2.000000
-1.000000
-0.785398
2.324623
-0.000000
13
2.000000
0.000000
0.000000
2.000000
0.000000
10
0.000000
0.000000
0.000000
0.000000
0.000000
0.222222
0.000000
0.000000
0.222222
0.000000
0.444444
0.000000
0.000000
0.444444
0.000000
0.666667
0.000000
0.000000
0.666667
0.000000
0.888889
0.000000
0.000000
0.888889
-0.000000
1.111111
0.000000
0.000000
1.111111
-0.000000
1.333333
0.000000
-0.000000
1.333333
-0.000000
1.555556
0.000000
-0.000000
1.555556
-0.000000
1.777778
-0.000000
-0.000000
1.777778
-0.000000
2.000000
-0.000000
-0.000000
2.000000
0.000000
